2561
10660
35181
37998
10464
11285
46455
59344
12094
61865
34800
32589
42766
44045
58248
31802
295
1311
60233
5181
1432
16974
31910
46480
101
13510
58747
29371
4249
35335
34848
3350
42210
57344
57693
22109
21883
27441
31963
21371
7254
49531
15275
25010
41953
48353
63928
19468
56081
13364
9803
28492
41827
8401
34518
48384
28128
28200
39687
22633
19655
8021
53271
26314
14088
44761
4315
27238
15005
13811
30707
58012
45309
55839
17874
29177
5736
63797
43150
14241
55140
64035
10720
6814
48192
20933
40424
57982
34228
61007
406
33736
50478
10391
55020
34065
51783
61357
48757
5047
37615
11872
51634
58112
10506
48123
48242
34129
37915
37714
18625
18065
63300
13697
41564
22312
18161
30247
61922
35883
53051
54776
59461
59410
4336
14556
5574
57461
60781
782
14596
63555
38833
54641
5859
52306
13821
31320
17680
44192
48277
41013
52074
57150
13397
19436
7809
60345
26487
21774
10121
41590
43064
53844
63921
59850
19036
14897
14415
29697
32602
10215
15751
46573
62200
33250
55551
5965
3647
50263
41890
10461
23462
27788
17979
44735
1821
16968
42968
34128
30793
47195
30130
62382
62223
35942
47135
18587
5870
48252
6499
40831
39
27278
52520
58324
46772
2009
19438
28071
15221
13652
46512
47700
17295
42657
6894
57424
49873
62905
53029
20362
35400
19092
21756
7956
39335
41066
38073
33525
19383
54549
37423
58206
33129
29963
8055
1619
26792
17371
22169
64229
41846
15853
62528
53221
35693
47256
32289
5063
1854
47861
14886
21196
36353
17577
24467
14888
34698
26353
26354
13132
18637
45778
39606
337
20155
24023
31938
33010
7593
46559
19783
64005
60035
1600
28306
37466
15157
37946
23048
41317
13483
116
2362
11713
56172
42299
57887
42431
8450
10982
54772
32086
53462
62015
58175
64240
34660
43495
14850
911
20613
56614
811
60446
64202
29195
32296
185
15869
38693
33552
53134
49563
5981
15813
48257
2126
1051
61347
47716
4096
43884
11338
12582
58347
16855
13464
38962
38040
22406
60471
6837
37158
57161
61059
11483
22270
48249
63356
24061
17610
52851
13003
22836
61719
51095
2919
62006
1576
20509
38990
28479
2754
48733
50555
39224
1878
59980
42783
13184
62707
11377
21977
32670
17819
52178
7886
25313
31073
49052
61879
44847
19817
15920
2894
9230
59323
19278
22827
26584
17201
33484
15952
45318
55687
17963
9237
47585
63008
12037
3977
14578
61970
58505
60383
49178
54077
50787
60035
3353
63599
32561
12242
52694
38290
36940
41192
35758
13007
47519
31389
33214
33349
26161
50126
64490
38221
45272
57325
39261
20289
36691
1124
4254
1834
59933
15649
45283
28900
10326
25467
41251
40499
61455
27187
49843
29602
10269
30063
38019
32923
54697
34770
26050
48853
36727
38613
53946
25734
58583
16448
25035
29538
18561
38287
11187
43809
30400
4806
57593
61528
34431
19411
57141
1602
15576
31748
42947
36840
9609
60184
52618
12636
41632
60379
20019
39396
53723
47953
50987
51473
53369
34370
41091
51088
50328
26971
50339
40544
42357
47898
12249
46401
36331
56449
264
36835
60125
11102
21265
56719
15958
183
6511
58127
1025
24765
37795
32664
51877
47658
29315
57704
32047
16952
6102
34422
27602
14518
38129
28991
56792
51892
38116
26006
47948
8956
30320
34231
599
60751
55430
37716
4355
46856
27517
8921
21863
44135
57571
26863
15414
41939
27141
53823
55715
43201
18146
36999
3789
9303
6094
20955
14627
58876
50205
59620
40010
40059
48989
1367
11589
4488
14413
36450
53083
32758
45599
12120
27363
57539
51744
7028
6961
30413
31964
40550
35879
28541
53133
28542
14592
19043
64503
48151
30712
28662
27380
2688
46564
60575
34899
22465
32533
63768
62231
18425
16107
63756
4739
43835
24943
19032
4276
52478
22016
53459
62320
58013
28873
57410
54117
5953
20943
27336
63296
40606
20250
29154
18478
4681
47112
16415
51611
18631
22487
4025
33058
59551
13131
44941
22237
7397
44568
1886
59766
56588
36401
36791
58319
8654
30268
6820
51726
35821
54519
42962
56047
56650
43641
55110
29652
46298
42258
45373
44933
48014
11982
21609
47118
16508
58953
44608
19519
26035
3203
13186
45406
7903
32000
14139
31494
21443
8174
19251
6121
38958
11627
16198
10644
63972
16514
33064
30144
18270
6003
28294
59915
24577
59993
24644
17623
42732
22458
17961
36231
34
30573
41724
33869
14747
1512
4735
31067
37529
26017
41741
45880
36322
21900
7165
1594
37643
29510
19146
43768
36634
11286
6455
12949
48941
4028
50608
55687
34034
2548
46488
47248
64118
45647
57211
57825
59941
12802
33702
38991
41444
20069
58818
58135
37387
56192
31591
8365
31703
4926
50402
23347
25089
64410
8203
39528
15416
35205
33274
12983
50632
42544
49500
15944
40422
45465
61803
43976
63760
46675
25484
15260
10713
904
26286
29130
7602
26270
47424
24496
11978
6376
50138
27116
24130
36725
64087
15220
2938
53453
33957
51269
55463
57275
42373
45208
44156
35565
8551
36591
38333
33776
51542
54619
6741
45161
20209
8063
40727
16422
15955
57385
60739
40664
31991
7634
8651
62112
49980
17440
6274
17116
6170
17247
32191
30429
43012
12547
60343
56663
28848
44846
55618
33939
13535
19834
18775
16005
8292
20267
56471
57910
29559
3625
1628
45537
29288
61044
1852
31055
44644
4110
6064
6552
1402
60974
14553
11498
17165
26335
24647
31389
10143
6302
44510
62948
33092
57904
12000
27305
49976
5133
46415
46327
26997
41293
21247
41505
42069
37054
54027
51755
55994
12251
11415
21668
49583
59097
48383
47271
15999
41868
48533
9707
52370
22606
33234
17399
35882
53188
14413
24078
56691
45106
26650
49474
19109
13409
7756
26416
37668
62281
36976
56631
19607
41475
44313
51882
5831
24389
60315
44007
32233
10440
19804
18390
23337
26559
10624
43153
53404
1143
27166
56675
42513
8260
31982
58724
33609
46019
34303
31600
24490
60207
25290
27468
43789
34369
14043
54044
15410
33717
2756
63162
46636
22813
25671
5825
48831
31693
35918
36416
49999
30929
53045
30621
21181
16193
29396
46325
64031
3910
14571
29541
25650
52508
41090
50410
11980
12533
42458
31153
34176
57108
10048
63906
1773
14133
6690
17785
15431
274
51603
1797
57505
45848
43494
30127
33515
32347
62934
63486
13298
58750
36411
10695
36205
1744
19879
62464
42009
7847
